-1.060461692158262100e+004
-2.220551265187576400e+004
2.645115714075221100e+007
1.162487696437711300e+007
5.718209518874122800e+006
2.813675702746450900e+006
1.375631680492602500e+006
6.791245928988950300e+005
3.436907628345273600e+005
1.651222170253326200e+005
8.088346999874358900e+004
5.110908875195105800e+004
2.583995604249377000e+004
8.228224980932301400e+002
-4.950053281125453400e+003
3.910443218351070300e+003
-6.225607508447757000e+003
-1.064909629847050700e+004
1.127667453935995100e+003
3.391565213567000700e+003
-8.131017991858339000e+003
-1.073225535369140400e+004
-1.352690708000921800e+004
-8.710150791599588000e+003
-6.357204319045664300e+003
-7.819213467038011000e+003
-2.578128609097985600e+003
1.017080623782526700e+004
9.293130303755619000e+003
1.400373695016637800e+004
2.005879969062986500e+004
7.412892147335454900e+003
-1.755243798615823600e+003
-7.781704348824264300e+003
-1.649920885294906500e+004
-1.209232743039860900e+004
-1.079627287971191600e+004
-1.638375302016235200e+004
-1.523080688989594600e+004
-7.419665112657479800e+003
-1.063888437770919200e+004
-2.190172105654323600e+004
-1.617924128858598500e+004
-1.537460236757120000e+004
-2.456656669878512500e+004
-2.540602811979283100e+004
-9.957023082573037800e+003
4.706072072409505400e+003
-4.276024051652723800e+003
-6.580620763355818800e+003
