9.613000000000013800e-01
1.792700000000000000e+00
2.058900000000001300e+00
2.125900000000001500e+00
2.256499999999999100e+00
2.278400000000001300e+00
2.319500000000001400e+00
2.352499999999999100e+00
2.384899999999998200e+00
2.419499999999999300e+00
2.455800000000000000e+00
2.482600000000001500e+00
2.514900000000000800e+00
2.538199999999999800e+00
2.567699999999998500e+00
2.674900000000000900e+00
2.715499999999998700e+00
2.750499999999998800e+00
2.888300000000001000e+00
2.928000000000000800e+00
2.968299999999999300e+00
3.481200000000001200e+00
3.537800000000000700e+00
3.609999999999999400e+00
3.646999999999998500e+00
3.683399999999998900e+00
3.701000000000000500e+00
3.737700000000000200e+00
3.779399999999999000e+00
3.818200000000000900e+00
4.006499999999999100e+00
4.122800000000001600e+00
4.232900000000000800e+00
4.325500000000001700e+00
4.354800000000000900e+00
4.432700000000000500e+00
4.476099999999998900e+00
4.516400000000000900e+00
4.537800000000000700e+00
4.580999999999999500e+00
4.617300000000000200e+00
4.640799999999998700e+00
4.680499999999998600e+00
4.729700000000001100e+00
4.771399999999999900e+00
4.840099999999999600e+00
4.882699999999999800e+00
4.921700000000001300e+00
4.965099999999999600e+00
5.026099999999999600e+00
5.082399999999999800e+00
5.122699999999998300e+00
5.181499999999999800e+00
5.248000000000001100e+00
5.298200000000001400e+00
5.330600000000000400e+00
5.367399999999999900e+00
5.413399999999999300e+00
5.440400000000000300e+00
5.482900000000000800e+00
5.541699999999998700e+00
5.597400000000000400e+00
5.687300000000000500e+00
5.754799999999999500e+00
5.792000000000001600e+00
5.829100000000000400e+00
5.877800000000000600e+00
5.898399999999998800e+00
5.918700000000001200e+00
5.945599999999998900e+00
5.968099999999999700e+00
6.007100000000001200e+00
6.039999999999999100e+00
6.083100000000001700e+00
6.125800000000001700e+00
6.175599999999999300e+00
6.227000000000000300e+00
6.255500000000001400e+00
6.360900000000000900e+00
6.404699999999998300e+00
6.461600000000000700e+00
6.502400000000001500e+00
6.537099999999998800e+00
6.563199999999998400e+00
6.591400000000000100e+00
6.622800000000001600e+00
6.648900000000001100e+00
6.695399999999999400e+00
6.807600000000000800e+00
6.996500000000001100e+00
7.101199999999998600e+00
7.174199999999999000e+00
7.223099999999998700e+00
7.255500000000001400e+00
7.278999999999999900e+00
7.353600000000000100e+00
7.427199999999999100e+00
8.228400000000000600e+00
8.254999999999999000e+00
8.285199999999999700e+00
8.318899999999999300e+00
8.341699999999999400e+00
8.367000000000000900e+00
8.400500000000001000e+00
8.437999999999998800e+00
8.468900000000001400e+00
8.498499999999999900e+00
8.527999999999998700e+00
8.557099999999998400e+00
8.591999999999998700e+00
8.621999999999999900e+00
8.643799999999998800e+00
8.683599999999998400e+00
8.712800000000001400e+00
8.734899999999999700e+00
8.755199999999998500e+00
8.795799999999999800e+00
8.829899999999998500e+00
8.858899999999998400e+00
8.901499999999998600e+00
8.936199999999999500e+00
8.962800000000001400e+00
8.990700000000000400e+00
9.013100000000001400e+00
9.676999999999999600e+00
9.707100000000000500e+00
9.792400000000000700e+00
9.857299999999998600e+00
9.903900000000000100e+00
9.937999999999998800e+00
